"gender" "handedness" "marital1" "marital2" "marital3" "educationlength" "retirement" "age" "AD"
"1" 0.523227383863081 -0.0684596577017116 -0.144254278728606 -0.0635696821515892 -0.0513447432762836 0.606356968215159 0.141809290953545 6.12958435207824 1
"2" 0.931540342298288 0.855745721271394 -0.0635696821515892 -0.0513447432762836 -15.3936430317848 15.1418092909535 -74.8704156479218 76.5232273838631 1
"3" 1.85574572127139 0.936430317848411 -0.0513447432762836 -15.3936430317848 -0.858190709046455 -62.8704156479218 -0.476772616136919 69.9315403422983 1
"4" 1.93643031784841 0.948655256723716 -15.3936430317848 -0.858190709046455 -75.8704156479218 14.5232273838631 -0.0684596577017116 70.8557457212714 1
"5" 1.94865525672372 -14.3936430317848 -0.858190709046455 -75.8704156479218 -1.47677261613692 10.9315403422983 -0.144254278728606 71.9364303178484 1
"6" -13.3936430317848 0.141809290953545 -75.8704156479218 -1.47677261613692 -1.06845965770171 11.8557457212714 0.936430317848411 72.9486552567237 1
"7" 1.14180929095355 -74.8704156479218 -1.47677261613692 -1.06845965770171 -0.144254278728606 11.9364303178484 0.948655256723716 64.6063569682152 1
"8" -73.8704156479218 -0.476772616136919 -1.06845965770171 -0.144254278728606 -0.0635696821515892 7.94865525672372 -14.3936430317848 74.1418092909535 1
"9" 0.523227383863081 -0.0684596577017116 -0.144254278728606 -0.0635696821515892 -0.0513447432762836 -2.39364303178484 0.141809290953545 4.12958435207824 1
"10" 0.931540342298288 0.855745721271394 -0.0635696821515892 -0.0513447432762836 -15.3936430317848 15.1418092909535 -75.8704156479218 57.5232273838631 1
"11" 1.85574572127139 1.93643031784841 0.948655256723716 -15.3936430317848 -0.858190709046455 -60.8704156479218 -0.476772616136919 63.9315403422983 1
"12" 1.93643031784841 0.948655256723716 -15.3936430317848 -0.858190709046455 -75.8704156479218 10.5232273838631 -0.0684596577017116 73.8557457212714 1
"13" 1.94865525672372 -14.3936430317848 0.141809290953545 -75.8704156479218 -1.47677261613692 12.9315403422983 -0.144254278728606 72.9364303178484 1
"14" -13.3936430317848 0.141809290953545 -75.8704156479218 -0.476772616136919 -1.06845965770171 13.8557457212714 0.936430317848411 76.9486552567237 1
"15" 1.14180929095355 -74.8704156479218 -0.476772616136919 -1.06845965770171 -0.144254278728606 11.9364303178484 -0.0513447432762836 69.6063569682152 1
"16" -73.8704156479218 -0.476772616136919 -0.0684596577017116 -0.144254278728606 -0.0635696821515892 15.9486552567237 -15.3936430317848 91.1418092909535 1
"17" 0.523227383863081 -0.0684596577017116 0.855745721271394 -0.0635696821515892 -0.0513447432762836 -3.39364303178484 0.141809290953545 5.12958435207824 1
"18" 0.931540342298288 0.855745721271394 -0.0635696821515892 -0.0513447432762836 -15.3936430317848 11.1418092909535 -74.8704156479218 63.5232273838631 1
"19" 1.85574572127139 0.936430317848411 0.948655256723716 -15.3936430317848 -0.858190709046455 -61.8704156479218 -0.476772616136919 82.9315403422983 1
"20" 1.93643031784841 0.948655256723716 -15.3936430317848 -0.858190709046455 -75.8704156479218 15.5232273838631 -0.0684596577017116 77.8557457212714 1
"21" 1.94865525672372 -14.3936430317848 -0.858190709046455 -75.8704156479218 -1.47677261613692 16.9315403422983 0.855745721271394 71.9364303178484 1
"22" -13.3936430317848 0.141809290953545 -75.8704156479218 -1.47677261613692 -1.06845965770171 17.8557457212714 -0.0635696821515892 76.9486552567237 1
"23" 1.14180929095355 -74.8704156479218 -1.47677261613692 -1.06845965770171 -0.144254278728606 13.9364303178484 0.948655256723716 60.6063569682152 1
"24" -73.8704156479218 -0.476772616136919 -0.0684596577017116 -0.144254278728606 -0.0635696821515892 15.9486552567237 -14.3936430317848 77.1418092909535 1
"25" 0.523227383863081 -0.0684596577017116 -0.144254278728606 -0.0635696821515892 -0.0513447432762836 -2.39364303178484 0.141809290953545 -9.87041564792176 1
"26" 0.931540342298288 0.855745721271394 -0.0635696821515892 0.948655256723716 -15.3936430317848 11.1418092909535 -74.8704156479218 71.5232273838631 1
"27" 1.85574572127139 0.936430317848411 0.948655256723716 -15.3936430317848 -0.858190709046455 -63.8704156479218 -0.476772616136919 76.9315403422983 1
"28" 1.93643031784841 0.948655256723716 -15.3936430317848 -0.858190709046455 -75.8704156479218 11.5232273838631 -0.0684596577017116 75.8557457212714 1
"29" 1.94865525672372 -14.3936430317848 -0.858190709046455 -75.8704156479218 -1.47677261613692 12.9315403422983 -0.144254278728606 87.9364303178484 1
"30" -13.3936430317848 0.141809290953545 -75.8704156479218 -1.47677261613692 -1.06845965770171 12.8557457212714 0.936430317848411 69.9486552567237 1
"31" 1.14180929095355 -74.8704156479218 -1.47677261613692 -1.06845965770171 -0.144254278728606 11.9364303178484 -0.0513447432762836 54.6063569682152 1
"32" -73.8704156479218 -0.476772616136919 -1.06845965770171 -0.144254278728606 -0.0635696821515892 12.9486552567237 -15.3936430317848 71.1418092909535 1
"33" 0.523227383863081 -0.0684596577017116 -0.144254278728606 -0.0635696821515892 -0.0513447432762836 0.606356968215159 0.141809290953545 -10.8704156479218 1
"34" 0.931540342298288 0.855745721271394 -0.0635696821515892 -0.0513447432762836 -15.3936430317848 17.1418092909535 -74.8704156479218 70.5232273838631 1
"35" 1.85574572127139 0.936430317848411 -0.0513447432762836 -15.3936430317848 -0.858190709046455 -57.8704156479218 -0.476772616136919 58.9315403422983 1
"36" 1.93643031784841 0.948655256723716 -15.3936430317848 -0.858190709046455 -75.8704156479218 10.5232273838631 -0.0684596577017116 71.8557457212714 1
"37" 1.94865525672372 -14.3936430317848 -0.858190709046455 -75.8704156479218 -1.47677261613692 12.9315403422983 0.855745721271394 56.9364303178484 1
"38" -13.3936430317848 0.141809290953545 -75.8704156479218 -1.47677261613692 -0.0684596577017116 15.8557457212714 0.936430317848411 71.9486552567237 1
"39" 1.14180929095355 -74.8704156479218 -1.47677261613692 -1.06845965770171 -0.144254278728606 15.9364303178484 0.948655256723716 62.6063569682152 1
"40" -73.8704156479218 -0.476772616136919 -1.06845965770171 -0.144254278728606 -0.0635696821515892 17.9486552567237 -14.3936430317848 79.1418092909535 1
"41" 0.523227383863081 -0.0684596577017116 -0.144254278728606 -0.0635696821515892 -0.0513447432762836 -3.39364303178484 0.141809290953545 -2.87041564792176 1
"42" 0.931540342298288 0.855745721271394 0.936430317848411 -0.0513447432762836 -15.3936430317848 11.1418092909535 -75.8704156479218 80.5232273838631 1
"43" 1.85574572127139 0.936430317848411 -0.0513447432762836 -15.3936430317848 -0.858190709046455 -63.8704156479218 -0.476772616136919 67.9315403422983 1
"44" 1.93643031784841 0.948655256723716 -15.3936430317848 -0.858190709046455 -75.8704156479218 10.5232273838631 -0.0684596577017116 58.8557457212714 1
"45" 1.94865525672372 -14.3936430317848 -0.858190709046455 -74.8704156479218 -1.47677261613692 16.9315403422983 0.855745721271394 75.9364303178484 1
"46" -13.3936430317848 0.141809290953545 -75.8704156479218 -1.47677261613692 -1.06845965770171 15.8557457212714 0.936430317848411 77.9486552567237 1
"47" 1.14180929095355 -74.8704156479218 -1.47677261613692 -1.06845965770171 -0.144254278728606 13.9364303178484 0.948655256723716 55.6063569682152 1
"48" -73.8704156479218 -0.476772616136919 -0.0684596577017116 -0.144254278728606 -0.0635696821515892 9.94865525672372 -14.3936430317848 82.1418092909535 1
"49" 0.523227383863081 -0.0684596577017116 -0.144254278728606 -0.0635696821515892 -0.0513447432762836 -1.39364303178484 0.141809290953545 -3.87041564792176 1
"50" 0.931540342298288 0.855745721271394 0.936430317848411 -0.0513447432762836 -15.3936430317848 15.1418092909535 -74.8704156479218 76.5232273838631 1
"51" 1.85574572127139 0.936430317848411 -0.0513447432762836 -15.3936430317848 -0.858190709046455 -61.8704156479218 -0.476772616136919 61.9315403422983 1
"52" 1.93643031784841 0.948655256723716 -15.3936430317848 -0.858190709046455 -75.8704156479218 14.5232273838631 -0.0684596577017116 70.8557457212714 1
"53" 1.94865525672372 -14.3936430317848 -0.858190709046455 -75.8704156479218 -1.47677261613692 10.9315403422983 -0.144254278728606 68.9364303178484 1
"54" -13.3936430317848 0.141809290953545 -75.8704156479218 -1.47677261613692 -1.06845965770171 15.8557457212714 -0.0635696821515892 72.9486552567237 1
"55" 1.14180929095355 -74.8704156479218 -1.47677261613692 -1.06845965770171 -0.144254278728606 15.9364303178484 -0.0513447432762836 54.6063569682152 1
"56" -73.8704156479218 0.523227383863081 -1.06845965770171 -0.144254278728606 -0.0635696821515892 17.9486552567237 -14.3936430317848 54.1418092909535 1
"57" 0.523227383863081 -0.0684596577017116 -0.144254278728606 -0.0635696821515892 -0.0513447432762836 -2.39364303178484 -0.858190709046455 11.1295843520782 1
"58" 0.931540342298288 0.855745721271394 -0.0635696821515892 -0.0513447432762836 -15.3936430317848 11.1418092909535 -74.8704156479218 77.5232273838631 1
"59" 1.85574572127139 0.936430317848411 -0.0513447432762836 -14.3936430317848 -0.858190709046455 -63.8704156479218 -0.476772616136919 78.9315403422983 1
"60" 1.93643031784841 0.948655256723716 -15.3936430317848 0.141809290953545 -75.8704156479218 5.52322738386308 -0.0684596577017116 74.8557457212714 1
"61" 1.94865525672372 -14.3936430317848 -0.858190709046455 -75.8704156479218 -1.47677261613692 10.9315403422983 0.855745721271394 84.9364303178484 1
"62" -13.3936430317848 0.141809290953545 -74.8704156479218 -1.47677261613692 -1.06845965770171 13.8557457212714 0.936430317848411 69.9486552567237 1
"63" 1.14180929095355 -74.8704156479218 -0.476772616136919 -1.06845965770171 -0.144254278728606 9.93643031784841 -0.0513447432762836 65.6063569682152 1
"64" -73.8704156479218 -0.476772616136919 -1.06845965770171 -0.144254278728606 -0.0635696821515892 14.9486552567237 -14.3936430317848 75.1418092909535 1
"65" 0.523227383863081 -0.0684596577017116 -0.144254278728606 -0.0635696821515892 -0.0513447432762836 0.606356968215159 0.141809290953545 -0.87041564792176 1
"66" 0.931540342298288 0.855745721271394 -0.0635696821515892 -0.0513447432762836 -15.3936430317848 16.1418092909535 -74.8704156479218 83.5232273838631 1
"67" 1.85574572127139 1.93643031784841 -0.0513447432762836 -15.3936430317848 -0.858190709046455 -59.8704156479218 -0.476772616136919 71.9315403422983 1
"68" 1.93643031784841 0.948655256723716 -15.3936430317848 -0.858190709046455 -75.8704156479218 12.5232273838631 -0.0684596577017116 70.8557457212714 1
"69" 1.94865525672372 -14.3936430317848 -0.858190709046455 -75.8704156479218 -1.47677261613692 8.93154034229829 0.855745721271394 68.9364303178484 1
"70" -13.3936430317848 0.141809290953545 -75.8704156479218 -1.47677261613692 -1.06845965770171 15.8557457212714 0.936430317848411 75.9486552567237 1
"71" 1.14180929095355 -74.8704156479218 -1.47677261613692 -1.06845965770171 -0.144254278728606 11.9364303178484 0.948655256723716 63.6063569682152 1
"72" -73.8704156479218 -0.476772616136919 -1.06845965770171 -0.144254278728606 -0.0635696821515892 13.9486552567237 -14.3936430317848 66.1418092909535 1
"73" 0.523227383863081 -0.0684596577017116 0.855745721271394 -0.0635696821515892 -0.0513447432762836 -3.39364303178484 0.141809290953545 9.12958435207824 1
"74" 0.931540342298288 0.855745721271394 -0.0635696821515892 -0.0513447432762836 -15.3936430317848 12.1418092909535 -75.8704156479218 69.5232273838631 1
"75" 1.85574572127139 0.936430317848411 0.948655256723716 -15.3936430317848 -0.858190709046455 -63.8704156479218 -0.476772616136919 81.9315403422983 1
"76" 1.93643031784841 0.948655256723716 -15.3936430317848 -0.858190709046455 -75.8704156479218 5.52322738386308 -1.06845965770171 63.8557457212714 1
"77" 1.94865525672372 -14.3936430317848 -0.858190709046455 -75.8704156479218 -0.476772616136919 14.9315403422983 0.855745721271394 75.9364303178484 1
"78" -13.3936430317848 0.141809290953545 -74.8704156479218 -1.47677261613692 -1.06845965770171 7.85574572127139 -0.0635696821515892 79.9486552567237 1
"79" 1.14180929095355 -74.8704156479218 -1.47677261613692 -1.06845965770171 0.855745721271394 11.9364303178484 0.948655256723716 67.6063569682152 1
"80" -73.8704156479218 -0.476772616136919 -0.0684596577017116 -0.144254278728606 -0.0635696821515892 11.9486552567237 -14.3936430317848 80.1418092909535 1
"81" 0.523227383863081 -0.0684596577017116 -0.144254278728606 -0.0635696821515892 0.948655256723716 4.60635696821516 0.141809290953545 13.1295843520782 1
"82" 0.931540342298288 1.85574572127139 -0.0635696821515892 0.948655256723716 -15.3936430317848 19.1418092909535 -74.8704156479218 55.5232273838631 1
"83" 1.85574572127139 0.936430317848411 -0.0513447432762836 -15.3936430317848 -0.858190709046455 -59.8704156479218 -1.47677261613692 75.9315403422983 1
"84" 1.93643031784841 0.948655256723716 -15.3936430317848 -0.858190709046455 -75.8704156479218 10.5232273838631 -0.0684596577017116 73.8557457212714 1
"85" 1.94865525672372 -14.3936430317848 -0.858190709046455 -75.8704156479218 -1.47677261613692 12.9315403422983 0.855745721271394 82.9364303178484 1
"86" -13.3936430317848 0.141809290953545 -75.8704156479218 -1.47677261613692 -0.0684596577017116 17.8557457212714 0.936430317848411 83.9486552567237 1
"87" 1.14180929095355 -74.8704156479218 -1.47677261613692 -1.06845965770171 -0.144254278728606 17.9364303178484 0.948655256723716 66.6063569682152 1
"88" -73.8704156479218 -0.476772616136919 -1.06845965770171 -0.144254278728606 -0.0635696821515892 7.94865525672372 -14.3936430317848 71.1418092909535 1
"89" -0.476772616136919 -0.0684596577017116 -0.144254278728606 -0.0635696821515892 -0.0513447432762836 -3.39364303178484 0.141809290953545 2.12958435207824 1
"90" -0.0684596577017116 0.855745721271394 -0.0635696821515892 -0.0513447432762836 -15.3936430317848 19.1418092909535 -74.8704156479218 69.5232273838631 1
"91" 0.855745721271394 0.936430317848411 -0.0513447432762836 -15.3936430317848 -0.858190709046455 -57.8704156479218 -0.476772616136919 83.9315403422983 1
"92" 0.936430317848411 0.948655256723716 -15.3936430317848 -0.858190709046455 -75.8704156479218 16.5232273838631 -0.0684596577017116 67.8557457212714 1
"93" 0.948655256723716 -14.3936430317848 -0.858190709046455 -75.8704156479218 -1.47677261613692 12.9315403422983 0.855745721271394 81.9364303178484 1
"94" -14.3936430317848 0.141809290953545 -75.8704156479218 -1.47677261613692 -1.06845965770171 11.8557457212714 0.936430317848411 75.9486552567237 1
"95" 0.141809290953545 -74.8704156479218 -1.47677261613692 -1.06845965770171 -0.144254278728606 15.9364303178484 0.948655256723716 65.6063569682152 1
"96" -74.8704156479218 -0.476772616136919 -1.06845965770171 -0.144254278728606 -0.0635696821515892 14.9486552567237 -14.3936430317848 64.1418092909535 1
"97" -0.476772616136919 0.931540342298288 -0.144254278728606 -0.0635696821515892 -0.0513447432762836 3.60635696821516 0.141809290953545 -1.87041564792176 1
"98" -0.0684596577017116 0.855745721271394 -0.0635696821515892 -0.0513447432762836 -15.3936430317848 17.1418092909535 -74.8704156479218 79.5232273838631 1
"99" 0.855745721271394 0.936430317848411 -0.0513447432762836 -15.3936430317848 -0.858190709046455 -63.8704156479218 -0.476772616136919 78.9315403422983 1
"100" 0.936430317848411 0.948655256723716 -15.3936430317848 -0.858190709046455 -75.8704156479218 10.5232273838631 -0.0684596577017116 63.8557457212714 1
"101" 0.948655256723716 -14.3936430317848 -0.858190709046455 -75.8704156479218 -1.47677261613692 14.9315403422983 0.855745721271394 76.9364303178484 1
"102" -14.3936430317848 0.141809290953545 -75.8704156479218 -1.47677261613692 -1.06845965770171 18.8557457212714 0.936430317848411 78.9486552567237 1
"103" 0.141809290953545 -74.8704156479218 -1.47677261613692 -1.06845965770171 -0.144254278728606 15.9364303178484 0.948655256723716 66.6063569682152 1
"104" -74.8704156479218 -0.476772616136919 -1.06845965770171 -0.144254278728606 0.936430317848411 15.9486552567237 -14.3936430317848 79.1418092909535 1
"105" -0.476772616136919 -0.0684596577017116 -0.144254278728606 -0.0635696821515892 -0.0513447432762836 3.60635696821516 0.141809290953545 8.12958435207824 1
"106" -0.0684596577017116 0.855745721271394 -0.0635696821515892 -0.0513447432762836 -15.3936430317848 16.1418092909535 -74.8704156479218 75.5232273838631 1
"107" 0.855745721271394 0.936430317848411 -0.0513447432762836 -15.3936430317848 -0.858190709046455 -59.8704156479218 -0.476772616136919 78.9315403422983 1
"108" 0.936430317848411 0.948655256723716 -15.3936430317848 -0.858190709046455 -75.8704156479218 14.5232273838631 -0.0684596577017116 65.8557457212714 1
"109" 0.948655256723716 -14.3936430317848 -0.858190709046455 -75.8704156479218 -1.47677261613692 9.93154034229829 0.855745721271394 82.9364303178484 1
"110" -14.3936430317848 0.141809290953545 -75.8704156479218 -1.47677261613692 -1.06845965770171 15.8557457212714 -0.0635696821515892 67.9486552567237 1
"111" 0.141809290953545 -74.8704156479218 -1.47677261613692 -1.06845965770171 -0.144254278728606 17.9364303178484 0.948655256723716 47.6063569682152 1
"112" -74.8704156479218 -0.476772616136919 -1.06845965770171 -0.144254278728606 -0.0635696821515892 15.9486552567237 -14.3936430317848 69.1418092909535 1
"113" -0.476772616136919 -0.0684596577017116 -0.144254278728606 -0.0635696821515892 -0.0513447432762836 -3.39364303178484 0.141809290953545 -3.87041564792176 1
"114" -0.0684596577017116 0.855745721271394 -0.0635696821515892 -0.0513447432762836 -15.3936430317848 15.1418092909535 -74.8704156479218 83.5232273838631 1
"115" 0.855745721271394 0.936430317848411 -0.0513447432762836 -15.3936430317848 -0.858190709046455 -59.8704156479218 -0.476772616136919 63.9315403422983 1
"116" 0.936430317848411 0.948655256723716 -15.3936430317848 -0.858190709046455 -75.8704156479218 8.52322738386308 -0.0684596577017116 74.8557457212714 1
"117" 0.948655256723716 -14.3936430317848 -0.858190709046455 -75.8704156479218 -1.47677261613692 2.93154034229829 0.855745721271394 74.9364303178484 1
"118" -14.3936430317848 1.14180929095355 -75.8704156479218 -1.47677261613692 -1.06845965770171 16.8557457212714 0.936430317848411 73.9486552567237 1
"119" 0.141809290953545 -74.8704156479218 -1.47677261613692 -1.06845965770171 -0.144254278728606 15.9364303178484 0.948655256723716 64.6063569682152 1
"120" -74.8704156479218 -0.476772616136919 -1.06845965770171 -0.144254278728606 -0.0635696821515892 11.9486552567237 -14.3936430317848 71.1418092909535 1
"121" -0.476772616136919 -0.0684596577017116 -0.144254278728606 -0.0635696821515892 -0.0513447432762836 4.60635696821516 0.141809290953545 9.12958435207824 1
"122" -0.0684596577017116 0.855745721271394 -0.0635696821515892 -0.0513447432762836 -15.3936430317848 10.1418092909535 -74.8704156479218 83.5232273838631 1
"123" 0.855745721271394 0.936430317848411 -0.0513447432762836 -15.3936430317848 -0.858190709046455 -59.8704156479218 -0.476772616136919 81.9315403422983 1
"124" 0.936430317848411 0.948655256723716 -15.3936430317848 0.141809290953545 -75.8704156479218 10.5232273838631 -0.0684596577017116 70.8557457212714 1
"125" 0.948655256723716 -14.3936430317848 -0.858190709046455 -75.8704156479218 -1.47677261613692 16.9315403422983 0.855745721271394 68.9364303178484 1
"126" -14.3936430317848 0.141809290953545 -75.8704156479218 -1.47677261613692 -1.06845965770171 13.8557457212714 0.936430317848411 71.9486552567237 1
"127" 0.141809290953545 -74.8704156479218 -1.47677261613692 -1.06845965770171 -0.144254278728606 17.9364303178484 0.948655256723716 53.6063569682152 1
"128" -74.8704156479218 0.523227383863081 -1.06845965770171 -0.144254278728606 -0.0635696821515892 18.9486552567237 -14.3936430317848 72.1418092909535 1
"129" -0.476772616136919 -0.0684596577017116 -0.144254278728606 -0.0635696821515892 -0.0513447432762836 4.60635696821516 0.141809290953545 3.12958435207824 1
"130" -0.0684596577017116 0.855745721271394 -0.0635696821515892 -0.0513447432762836 -15.3936430317848 15.1418092909535 -74.8704156479218 58.5232273838631 1
"131" 0.855745721271394 0.936430317848411 -0.0513447432762836 -15.3936430317848 -0.858190709046455 -61.8704156479218 -0.476772616136919 78.9315403422983 1
"132" 0.936430317848411 0.948655256723716 -15.3936430317848 -0.858190709046455 -75.8704156479218 14.5232273838631 -0.0684596577017116 73.8557457212714 1
"133" 0.948655256723716 -14.3936430317848 -0.858190709046455 -75.8704156479218 -1.47677261613692 12.9315403422983 0.855745721271394 68.9364303178484 1
"134" -14.3936430317848 0.141809290953545 -75.8704156479218 -1.47677261613692 -1.06845965770171 11.8557457212714 0.936430317848411 84.9486552567237 1
"135" 0.141809290953545 -74.8704156479218 -1.47677261613692 -1.06845965770171 -0.144254278728606 11.9364303178484 0.948655256723716 66.6063569682152 1
"136" -74.8704156479218 -0.476772616136919 -1.06845965770171 -0.144254278728606 -0.0635696821515892 11.9486552567237 -14.3936430317848 76.1418092909535 1
"137" -0.476772616136919 -0.0684596577017116 -0.144254278728606 -0.0635696821515892 -0.0513447432762836 -2.39364303178484 0.141809290953545 -9.87041564792176 1
"138" -0.0684596577017116 0.855745721271394 -0.0635696821515892 -0.0513447432762836 -15.3936430317848 9.14180929095355 -74.8704156479218 83.5232273838631 1
"139" 0.855745721271394 0.936430317848411 -0.0513447432762836 -15.3936430317848 -0.858190709046455 -55.8704156479218 -0.476772616136919 74.9315403422983 1
"140" 0.936430317848411 0.948655256723716 -15.3936430317848 -0.858190709046455 -75.8704156479218 6.52322738386308 -0.0684596577017116 87.8557457212714 1
"141" 0.948655256723716 -14.3936430317848 -0.858190709046455 -75.8704156479218 -1.47677261613692 13.9315403422983 0.855745721271394 76.9364303178484 1
"142" -14.3936430317848 0.141809290953545 -75.8704156479218 -1.47677261613692 -1.06845965770171 19.8557457212714 0.936430317848411 79.9486552567237 1
"143" 0.141809290953545 -74.8704156479218 -1.47677261613692 -1.06845965770171 -0.144254278728606 19.9364303178484 0.948655256723716 53.6063569682152 1
"144" -74.8704156479218 -0.476772616136919 -1.06845965770171 -0.144254278728606 -0.0635696821515892 17.9486552567237 -14.3936430317848 63.1418092909535 1
"145" -0.476772616136919 -0.0684596577017116 -0.144254278728606 -0.0635696821515892 -0.0513447432762836 -3.39364303178484 0.141809290953545 3.12958435207824 1
"146" -0.0684596577017116 1.85574572127139 -0.0635696821515892 -0.0513447432762836 -15.3936430317848 15.1418092909535 -74.8704156479218 61.5232273838631 1
"147" 0.855745721271394 1.93643031784841 -0.0513447432762836 -15.3936430317848 -0.858190709046455 -61.8704156479218 -0.476772616136919 73.9315403422983 1
"148" 0.936430317848411 0.948655256723716 -15.3936430317848 -0.858190709046455 -75.8704156479218 16.5232273838631 -0.0684596577017116 78.8557457212714 1
"149" 0.948655256723716 -14.3936430317848 -0.858190709046455 -75.8704156479218 -1.47677261613692 14.9315403422983 0.855745721271394 82.9364303178484 1
"150" -14.3936430317848 0.141809290953545 -75.8704156479218 -1.47677261613692 -1.06845965770171 15.8557457212714 -0.0635696821515892 71.9486552567237 1
"151" 0.141809290953545 -74.8704156479218 -1.47677261613692 -1.06845965770171 -0.144254278728606 19.9364303178484 -0.0513447432762836 54.6063569682152 1
"152" -74.8704156479218 -0.476772616136919 -1.06845965770171 -0.144254278728606 -0.0635696821515892 15.9486552567237 -14.3936430317848 87.1418092909535 1
"153" -0.476772616136919 -0.0684596577017116 -0.144254278728606 -0.0635696821515892 -0.0513447432762836 4.60635696821516 0.141809290953545 3.12958435207824 1
"154" -0.0684596577017116 0.855745721271394 -0.0635696821515892 -0.0513447432762836 -15.3936430317848 17.1418092909535 -74.8704156479218 86.5232273838631 1
"155" 0.855745721271394 0.936430317848411 -0.0513447432762836 -15.3936430317848 -0.858190709046455 -62.8704156479218 -0.476772616136919 76.9315403422983 1
"156" 0.936430317848411 0.948655256723716 -15.3936430317848 -0.858190709046455 -75.8704156479218 16.5232273838631 -0.0684596577017116 78.8557457212714 1
"157" 0.948655256723716 -14.3936430317848 -0.858190709046455 -75.8704156479218 -1.47677261613692 12.9315403422983 0.855745721271394 85.9364303178484 1
"158" -14.3936430317848 0.141809290953545 -75.8704156479218 -1.47677261613692 -1.06845965770171 17.8557457212714 0.936430317848411 71.9486552567237 1
"159" 0.141809290953545 -74.8704156479218 -1.47677261613692 -1.06845965770171 -0.144254278728606 11.9364303178484 0.948655256723716 67.6063569682152 1
"160" -74.8704156479218 -0.476772616136919 -1.06845965770171 -0.144254278728606 -0.0635696821515892 17.9486552567237 -14.3936430317848 76.1418092909535 1
"161" -0.476772616136919 -0.0684596577017116 -0.144254278728606 -0.0635696821515892 -0.0513447432762836 2.60635696821516 0.141809290953545 10.1295843520782 1
"162" -0.0684596577017116 0.855745721271394 -0.0635696821515892 -0.0513447432762836 -15.3936430317848 19.1418092909535 -74.8704156479218 75.5232273838631 1
"163" 0.855745721271394 0.936430317848411 -0.0513447432762836 -15.3936430317848 -0.858190709046455 -67.8704156479218 -0.476772616136919 64.9315403422983 1
"164" 0.936430317848411 0.948655256723716 -15.3936430317848 -0.858190709046455 -75.8704156479218 18.5232273838631 -0.0684596577017116 62.8557457212714 1
"165" 0.948655256723716 -14.3936430317848 -0.858190709046455 -75.8704156479218 -1.47677261613692 16.9315403422983 0.855745721271394 71.9364303178484 1
"166" -14.3936430317848 0.141809290953545 -75.8704156479218 -1.47677261613692 -1.06845965770171 5.85574572127139 0.936430317848411 71.9486552567237 1
"167" 0.141809290953545 -74.8704156479218 -1.47677261613692 -1.06845965770171 -0.144254278728606 11.9364303178484 0.948655256723716 68.6063569682152 1
"168" -74.8704156479218 0.523227383863081 -1.06845965770171 -0.144254278728606 -0.0635696821515892 15.9486552567237 -14.3936430317848 64.1418092909535 1
"169" -0.476772616136919 -0.0684596577017116 -0.144254278728606 -0.0635696821515892 -0.0513447432762836 0.606356968215159 0.141809290953545 1.12958435207824 1
"170" -0.0684596577017116 0.855745721271394 0.936430317848411 -0.0513447432762836 -15.3936430317848 15.1418092909535 -74.8704156479218 83.5232273838631 1
"171" 0.855745721271394 0.936430317848411 -0.0513447432762836 -15.3936430317848 -0.858190709046455 -55.8704156479218 -0.476772616136919 84.9315403422983 1
"172" 0.936430317848411 0.948655256723716 -15.3936430317848 -0.858190709046455 -75.8704156479218 14.5232273838631 -0.0684596577017116 82.8557457212714 1
"173" 0.948655256723716 -14.3936430317848 -0.858190709046455 -75.8704156479218 -1.47677261613692 18.9315403422983 0.855745721271394 81.9364303178484 1
"174" -14.3936430317848 0.141809290953545 -75.8704156479218 -1.47677261613692 -1.06845965770171 14.8557457212714 0.936430317848411 71.9486552567237 1
"175" 0.141809290953545 -74.8704156479218 -1.47677261613692 -0.0684596577017116 -0.144254278728606 14.9364303178484 0.948655256723716 50.6063569682152 1
"176" -74.8704156479218 0.523227383863081 -1.06845965770171 -0.144254278728606 -0.0635696821515892 15.9486552567237 -14.3936430317848 71.1418092909535 1
"177" -0.476772616136919 -0.0684596577017116 -0.144254278728606 -0.0635696821515892 -0.0513447432762836 -3.39364303178484 0.141809290953545 0.12958435207824 1
"178" -0.0684596577017116 0.855745721271394 0.936430317848411 -0.0513447432762836 -15.3936430317848 14.1418092909535 -74.8704156479218 83.5232273838631 1
"179" 0.855745721271394 0.936430317848411 -0.0513447432762836 -14.3936430317848 -0.858190709046455 -62.8704156479218 -1.47677261613692 72.9315403422983 1
"180" 0.936430317848411 0.948655256723716 -15.3936430317848 -0.858190709046455 -75.8704156479218 14.5232273838631 -0.0684596577017116 56.8557457212714 1
"181" 0.948655256723716 -14.3936430317848 -0.858190709046455 -75.8704156479218 -1.47677261613692 14.9315403422983 0.855745721271394 79.9364303178484 1
"182" -14.3936430317848 0.141809290953545 -75.8704156479218 -1.47677261613692 -1.06845965770171 10.8557457212714 0.936430317848411 81.9486552567237 1
"183" 0.141809290953545 -74.8704156479218 -1.47677261613692 -1.06845965770171 -0.144254278728606 13.9364303178484 0.948655256723716 64.6063569682152 1
"184" -74.8704156479218 -0.476772616136919 -1.06845965770171 -0.144254278728606 -0.0635696821515892 17.9486552567237 -14.3936430317848 71.1418092909535 1
"185" -0.476772616136919 -0.0684596577017116 -0.144254278728606 -0.0635696821515892 -0.0513447432762836 0.606356968215159 0.141809290953545 11.1295843520782 1
"186" -0.0684596577017116 0.855745721271394 -0.0635696821515892 -0.0513447432762836 -15.3936430317848 11.1418092909535 -74.8704156479218 66.5232273838631 1
"187" 1.85574572127139 0.936430317848411 -0.0513447432762836 -15.3936430317848 -0.858190709046455 -59.8704156479218 -1.47677261613692 75.9315403422983 0
"188" 1.93643031784841 0.948655256723716 -15.3936430317848 -0.858190709046455 -75.8704156479218 14.5232273838631 -0.0684596577017116 89.8557457212714 0
"189" 1.94865525672372 -14.3936430317848 -0.858190709046455 -75.8704156479218 -1.47677261613692 14.9315403422983 0.855745721271394 71.9364303178484 0
"190" -13.3936430317848 0.141809290953545 -75.8704156479218 -1.47677261613692 -1.06845965770171 13.8557457212714 0.936430317848411 70.9486552567237 0
"191" 1.14180929095355 -74.8704156479218 -0.476772616136919 -1.06845965770171 -0.144254278728606 19.9364303178484 0.948655256723716 72.6063569682152 0
"192" -73.8704156479218 -0.476772616136919 -0.0684596577017116 -0.144254278728606 -0.0635696821515892 13.9486552567237 -14.3936430317848 85.1418092909535 0
"193" 0.523227383863081 -0.0684596577017116 0.855745721271394 -0.0635696821515892 -0.0513447432762836 0.606356968215159 0.141809290953545 8.12958435207824 0
"194" 0.931540342298288 0.855745721271394 0.936430317848411 -0.0513447432762836 -15.3936430317848 13.1418092909535 -75.8704156479218 86.5232273838631 0
"195" 1.85574572127139 0.936430317848411 -0.0513447432762836 -15.3936430317848 -0.858190709046455 -57.8704156479218 -0.476772616136919 76.9315403422983 0
"196" 1.93643031784841 0.948655256723716 -15.3936430317848 -0.858190709046455 -75.8704156479218 17.5232273838631 -0.0684596577017116 76.8557457212714 0
"197" 1.94865525672372 -14.3936430317848 -0.858190709046455 -75.8704156479218 -1.47677261613692 10.9315403422983 -0.144254278728606 74.9364303178484 0
"198" -13.3936430317848 0.141809290953545 -74.8704156479218 -1.47677261613692 -1.06845965770171 15.8557457212714 -0.0635696821515892 73.9486552567237 0
"199" 1.14180929095355 -74.8704156479218 -0.476772616136919 -1.06845965770171 -0.144254278728606 11.9364303178484 0.948655256723716 57.6063569682152 0
"200" -73.8704156479218 0.523227383863081 -0.0684596577017116 -0.144254278728606 -0.0635696821515892 17.9486552567237 -14.3936430317848 83.1418092909535 0
"201" 0.523227383863081 -0.0684596577017116 -0.144254278728606 0.936430317848411 -0.0513447432762836 2.60635696821516 0.141809290953545 -3.87041564792176 0
"202" 0.931540342298288 0.855745721271394 -0.0635696821515892 0.948655256723716 -15.3936430317848 15.1418092909535 -74.8704156479218 74.5232273838631 0
"203" 1.85574572127139 0.936430317848411 -0.0513447432762836 -14.3936430317848 -0.858190709046455 -55.8704156479218 -0.476772616136919 78.9315403422983 0
"204" 1.93643031784841 0.948655256723716 -15.3936430317848 -0.858190709046455 -75.8704156479218 14.5232273838631 -0.0684596577017116 75.8557457212714 0
"205" 1.94865525672372 -14.3936430317848 -0.858190709046455 -75.8704156479218 -1.47677261613692 15.9315403422983 0.855745721271394 85.9364303178484 0
"206" -13.3936430317848 0.141809290953545 -75.8704156479218 -1.47677261613692 -0.0684596577017116 13.8557457212714 -0.0635696821515892 71.9486552567237 0
"207" 1.14180929095355 -74.8704156479218 -0.476772616136919 -1.06845965770171 -0.144254278728606 11.9364303178484 0.948655256723716 58.6063569682152 0
"208" -73.8704156479218 -0.476772616136919 -0.0684596577017116 -0.144254278728606 -0.0635696821515892 13.9486552567237 -15.3936430317848 81.1418092909535 0
"209" 0.523227383863081 -0.0684596577017116 -0.144254278728606 -0.0635696821515892 0.948655256723716 -1.39364303178484 0.141809290953545 -2.87041564792176 0
"210" 0.931540342298288 0.855745721271394 -0.0635696821515892 -0.0513447432762836 -14.3936430317848 15.1418092909535 -74.8704156479218 74.5232273838631 0
"211" 1.85574572127139 0.936430317848411 0.948655256723716 -15.3936430317848 -0.858190709046455 -59.8704156479218 -0.476772616136919 78.9315403422983 0
"212" 1.93643031784841 0.948655256723716 -15.3936430317848 -0.858190709046455 -75.8704156479218 14.5232273838631 -0.0684596577017116 77.8557457212714 0
"213" 1.94865525672372 -14.3936430317848 -0.858190709046455 -74.8704156479218 -1.47677261613692 10.9315403422983 0.855745721271394 77.9364303178484 0
"214" -13.3936430317848 0.141809290953545 -74.8704156479218 -1.47677261613692 -1.06845965770171 17.8557457212714 0.936430317848411 76.9486552567237 0
"215" 1.14180929095355 -74.8704156479218 -0.476772616136919 -1.06845965770171 -0.144254278728606 12.9364303178484 0.948655256723716 62.6063569682152 0
"216" -73.8704156479218 -0.476772616136919 -1.06845965770171 -0.144254278728606 -0.0635696821515892 15.9486552567237 -14.3936430317848 70.1418092909535 0
"217" 0.523227383863081 -0.0684596577017116 -0.144254278728606 -0.0635696821515892 -0.0513447432762836 -2.39364303178484 0.141809290953545 1.12958435207824 0
"218" 0.931540342298288 0.855745721271394 -0.0635696821515892 -0.0513447432762836 -15.3936430317848 13.1418092909535 -75.8704156479218 73.5232273838631 0
"219" 1.85574572127139 0.936430317848411 0.948655256723716 -15.3936430317848 -0.858190709046455 -57.8704156479218 -0.476772616136919 76.9315403422983 0
"220" 1.93643031784841 0.948655256723716 -15.3936430317848 -0.858190709046455 -75.8704156479218 11.5232273838631 -0.0684596577017116 75.8557457212714 0
"221" 1.94865525672372 -14.3936430317848 0.141809290953545 -75.8704156479218 -1.47677261613692 11.9315403422983 0.855745721271394 79.9364303178484 0
"222" -13.3936430317848 0.141809290953545 -75.8704156479218 -1.47677261613692 -1.06845965770171 19.8557457212714 0.936430317848411 73.9486552567237 0
"223" 1.14180929095355 -74.8704156479218 -1.47677261613692 -1.06845965770171 0.855745721271394 17.9364303178484 0.948655256723716 57.6063569682152 0
"224" -73.8704156479218 -0.476772616136919 -1.06845965770171 0.855745721271394 -0.0635696821515892 17.9486552567237 -14.3936430317848 79.1418092909535 0
"225" 0.523227383863081 -0.0684596577017116 -0.144254278728606 -0.0635696821515892 -0.0513447432762836 -3.39364303178484 -0.858190709046455 4.12958435207824 0
"226" 0.931540342298288 0.855745721271394 0.936430317848411 -0.0513447432762836 -15.3936430317848 12.1418092909535 -74.8704156479218 76.5232273838631 0
"227" 1.85574572127139 0.936430317848411 -0.0513447432762836 -15.3936430317848 -0.858190709046455 -60.8704156479218 -0.476772616136919 71.9315403422983 0
"228" 1.93643031784841 0.948655256723716 -15.3936430317848 -0.858190709046455 -75.8704156479218 10.5232273838631 -1.06845965770171 61.8557457212714 0
"229" 1.94865525672372 -14.3936430317848 -0.858190709046455 -75.8704156479218 -1.47677261613692 16.9315403422983 0.855745721271394 77.9364303178484 0
"230" -13.3936430317848 0.141809290953545 -75.8704156479218 -1.47677261613692 -1.06845965770171 12.8557457212714 0.936430317848411 81.9486552567237 0
"231" 1.14180929095355 -74.8704156479218 -1.47677261613692 -1.06845965770171 -0.144254278728606 11.9364303178484 0.948655256723716 65.6063569682152 0
"232" -73.8704156479218 0.523227383863081 -1.06845965770171 -0.144254278728606 -0.0635696821515892 11.9486552567237 -14.3936430317848 82.1418092909535 0
"233" 0.523227383863081 -0.0684596577017116 -0.144254278728606 -0.0635696821515892 -0.0513447432762836 2.60635696821516 0.141809290953545 1.12958435207824 0
"234" 0.931540342298288 1.85574572127139 -0.0635696821515892 0.948655256723716 -15.3936430317848 15.1418092909535 -74.8704156479218 74.5232273838631 0
"235" 1.85574572127139 0.936430317848411 -0.0513447432762836 -15.3936430317848 -0.858190709046455 -65.8704156479218 -0.476772616136919 72.9315403422983 0
"236" 1.93643031784841 0.948655256723716 -15.3936430317848 0.141809290953545 -75.8704156479218 11.5232273838631 -1.06845965770171 74.8557457212714 0
"237" 1.94865525672372 -14.3936430317848 -0.858190709046455 -75.8704156479218 -1.47677261613692 13.9315403422983 0.855745721271394 70.9364303178484 0
"238" -13.3936430317848 0.141809290953545 -75.8704156479218 -1.47677261613692 -1.06845965770171 9.85574572127139 0.936430317848411 73.9486552567237 0
"239" 1.14180929095355 -73.8704156479218 -1.47677261613692 -1.06845965770171 -0.144254278728606 9.93643031784841 0.948655256723716 54.6063569682152 0
"240" -73.8704156479218 -0.476772616136919 -0.0684596577017116 -0.144254278728606 -0.0635696821515892 13.9486552567237 -14.3936430317848 76.1418092909535 0
"241" 0.523227383863081 -0.0684596577017116 0.855745721271394 -0.0635696821515892 -0.0513447432762836 -0.393643031784841 0.141809290953545 4.12958435207824 0
"242" 0.931540342298288 0.855745721271394 -0.0635696821515892 0.948655256723716 -15.3936430317848 17.1418092909535 -74.8704156479218 72.5232273838631 0
"243" 1.85574572127139 0.936430317848411 0.948655256723716 -15.3936430317848 -0.858190709046455 -62.8704156479218 -0.476772616136919 68.9315403422983 0
"244" 1.93643031784841 0.948655256723716 -14.3936430317848 -0.858190709046455 -75.8704156479218 11.5232273838631 -0.0684596577017116 70.8557457212714 0
"245" 1.94865525672372 -14.3936430317848 -0.858190709046455 -75.8704156479218 -0.476772616136919 12.9315403422983 0.855745721271394 74.9364303178484 0
"246" -13.3936430317848 0.141809290953545 -75.8704156479218 -1.47677261613692 -0.0684596577017116 5.85574572127139 0.936430317848411 78.9486552567237 0
"247" 1.14180929095355 -74.8704156479218 -1.47677261613692 -1.06845965770171 -0.144254278728606 12.9364303178484 0.948655256723716 57.6063569682152 0
"248" -73.8704156479218 -0.476772616136919 -1.06845965770171 -0.144254278728606 -0.0635696821515892 15.9486552567237 -14.3936430317848 77.1418092909535 0
"249" 0.523227383863081 -0.0684596577017116 -0.144254278728606 -0.0635696821515892 -0.0513447432762836 -2.39364303178484 0.141809290953545 -2.87041564792176 0
"250" 0.931540342298288 0.855745721271394 -0.0635696821515892 -0.0513447432762836 -15.3936430317848 16.1418092909535 -74.8704156479218 70.5232273838631 0
"251" 1.85574572127139 0.936430317848411 0.948655256723716 -15.3936430317848 -0.858190709046455 -55.8704156479218 -1.47677261613692 71.9315403422983 0
"252" 1.93643031784841 0.948655256723716 -15.3936430317848 0.141809290953545 -75.8704156479218 10.5232273838631 -0.0684596577017116 73.8557457212714 0
"253" 1.94865525672372 -14.3936430317848 0.141809290953545 -75.8704156479218 -1.47677261613692 5.93154034229829 0.855745721271394 84.9364303178484 0
"254" -13.3936430317848 1.14180929095355 -74.8704156479218 -1.47677261613692 -1.06845965770171 18.8557457212714 -0.0635696821515892 76.9486552567237 0
"255" 1.14180929095355 -74.8704156479218 -1.47677261613692 -1.06845965770171 -0.144254278728606 16.9364303178484 0.948655256723716 63.6063569682152 0
"256" -73.8704156479218 -0.476772616136919 -1.06845965770171 -0.144254278728606 -0.0635696821515892 17.9486552567237 -14.3936430317848 70.1418092909535 0
"257" 0.523227383863081 -0.0684596577017116 -0.144254278728606 -0.0635696821515892 -0.0513447432762836 -1.39364303178484 0.141809290953545 1.12958435207824 0
"258" 0.931540342298288 0.855745721271394 0.936430317848411 -0.0513447432762836 -15.3936430317848 11.1418092909535 -74.8704156479218 79.5232273838631 0
"259" 1.85574572127139 1.93643031784841 -0.0513447432762836 -14.3936430317848 -0.858190709046455 -56.8704156479218 -1.47677261613692 74.9315403422983 0
"260" 1.93643031784841 0.948655256723716 -15.3936430317848 -0.858190709046455 -75.8704156479218 14.5232273838631 -0.0684596577017116 75.8557457212714 0
"261" 1.94865525672372 -14.3936430317848 0.141809290953545 -75.8704156479218 -1.47677261613692 13.9315403422983 0.855745721271394 84.9364303178484 0
"262" -13.3936430317848 0.141809290953545 -75.8704156479218 -1.47677261613692 -1.06845965770171 17.8557457212714 0.936430317848411 72.9486552567237 0
"263" 1.14180929095355 -74.8704156479218 -1.47677261613692 -1.06845965770171 -0.144254278728606 13.9364303178484 0.948655256723716 57.6063569682152 0
"264" -73.8704156479218 -0.476772616136919 -1.06845965770171 -0.144254278728606 0.936430317848411 15.9486552567237 -15.3936430317848 76.1418092909535 0
"265" 0.523227383863081 -0.0684596577017116 -0.144254278728606 -0.0635696821515892 -0.0513447432762836 4.60635696821516 0.141809290953545 0.12958435207824 0
"266" 0.931540342298288 0.855745721271394 0.936430317848411 -0.0513447432762836 -15.3936430317848 13.1418092909535 -74.8704156479218 69.5232273838631 0
"267" 1.85574572127139 0.936430317848411 -0.0513447432762836 -15.3936430317848 -0.858190709046455 -62.8704156479218 -0.476772616136919 76.9315403422983 0
"268" 1.93643031784841 0.948655256723716 -15.3936430317848 -0.858190709046455 -75.8704156479218 10.5232273838631 -0.0684596577017116 72.8557457212714 0
"269" 1.94865525672372 -14.3936430317848 -0.858190709046455 -75.8704156479218 -1.47677261613692 13.9315403422983 0.855745721271394 70.9364303178484 0
"270" -13.3936430317848 0.141809290953545 -74.8704156479218 -1.47677261613692 -1.06845965770171 14.8557457212714 0.936430317848411 73.9486552567237 0
"271" 1.14180929095355 -74.8704156479218 -0.476772616136919 -1.06845965770171 -0.144254278728606 9.93643031784841 0.948655256723716 56.6063569682152 0
"272" -73.8704156479218 -0.476772616136919 -1.06845965770171 -0.144254278728606 -0.0635696821515892 15.9486552567237 -14.3936430317848 75.1418092909535 0
"273" 0.523227383863081 -0.0684596577017116 -0.144254278728606 -0.0635696821515892 -0.0513447432762836 -2.39364303178484 0.141809290953545 3.12958435207824 0
"274" 0.931540342298288 0.855745721271394 -0.0635696821515892 0.948655256723716 -15.3936430317848 14.1418092909535 -74.8704156479218 73.5232273838631 0
"275" 1.85574572127139 0.936430317848411 -0.0513447432762836 -15.3936430317848 -0.858190709046455 -55.8704156479218 -0.476772616136919 75.9315403422983 0
"276" 1.93643031784841 0.948655256723716 -15.3936430317848 -0.858190709046455 -75.8704156479218 14.5232273838631 -0.0684596577017116 74.8557457212714 0
"277" 1.94865525672372 -14.3936430317848 -0.858190709046455 -75.8704156479218 -1.47677261613692 8.93154034229829 0.855745721271394 73.9364303178484 0
"278" -13.3936430317848 0.141809290953545 -75.8704156479218 -1.47677261613692 -1.06845965770171 18.8557457212714 0.936430317848411 70.9486552567237 0
"279" 1.14180929095355 -74.8704156479218 -1.47677261613692 -1.06845965770171 -0.144254278728606 18.9364303178484 0.948655256723716 56.6063569682152 0
"280" -73.8704156479218 -0.476772616136919 -1.06845965770171 -0.144254278728606 -0.0635696821515892 14.9486552567237 -15.3936430317848 70.1418092909535 0
"281" 0.523227383863081 -0.0684596577017116 -0.144254278728606 -0.0635696821515892 -0.0513447432762836 0.606356968215159 0.141809290953545 -4.87041564792176 0
"282" 0.931540342298288 0.855745721271394 -0.0635696821515892 -0.0513447432762836 -15.3936430317848 15.1418092909535 -74.8704156479218 71.5232273838631 0
"283" 1.85574572127139 0.936430317848411 -0.0513447432762836 -15.3936430317848 -0.858190709046455 -57.8704156479218 -0.476772616136919 71.9315403422983 0
"284" 1.93643031784841 0.948655256723716 -15.3936430317848 -0.858190709046455 -75.8704156479218 12.5232273838631 -0.0684596577017116 85.8557457212714 0
"285" 1.94865525672372 -14.3936430317848 -0.858190709046455 -74.8704156479218 -1.47677261613692 14.9315403422983 -0.144254278728606 70.9364303178484 0
"286" -13.3936430317848 0.141809290953545 -75.8704156479218 -1.47677261613692 -1.06845965770171 15.8557457212714 -0.0635696821515892 69.9486552567237 0
"287" 1.14180929095355 -74.8704156479218 -0.476772616136919 -1.06845965770171 -0.144254278728606 17.9364303178484 0.948655256723716 65.6063569682152 0
"288" -73.8704156479218 -0.476772616136919 -0.0684596577017116 -0.144254278728606 -0.0635696821515892 13.9486552567237 -14.3936430317848 78.1418092909535 0
"289" 0.523227383863081 -0.0684596577017116 -0.144254278728606 -0.0635696821515892 -0.0513447432762836 0.606356968215159 0.141809290953545 5.12958435207824 0
"290" 0.931540342298288 0.855745721271394 0.936430317848411 -0.0513447432762836 -15.3936430317848 17.1418092909535 -74.8704156479218 76.5232273838631 0
"291" 1.85574572127139 0.936430317848411 -0.0513447432762836 -15.3936430317848 -0.858190709046455 -62.8704156479218 -0.476772616136919 72.9315403422983 0
"292" 1.93643031784841 0.948655256723716 -15.3936430317848 -0.858190709046455 -74.8704156479218 15.5232273838631 -0.0684596577017116 72.8557457212714 0
"293" 1.94865525672372 -13.3936430317848 -0.858190709046455 -75.8704156479218 -1.47677261613692 18.9315403422983 0.855745721271394 82.9364303178484 0
"294" -14.3936430317848 0.141809290953545 -75.8704156479218 -1.47677261613692 -1.06845965770171 17.8557457212714 0.936430317848411 84.9486552567237 0
"295" 0.141809290953545 -74.8704156479218 -0.476772616136919 -1.06845965770171 -0.144254278728606 15.9364303178484 0.948655256723716 63.6063569682152 0
"296" -74.8704156479218 -0.476772616136919 -0.0684596577017116 -0.144254278728606 -0.0635696821515892 17.9486552567237 -14.3936430317848 84.1418092909535 0
"297" -0.476772616136919 -0.0684596577017116 -0.144254278728606 -0.0635696821515892 -0.0513447432762836 1.60635696821516 0.141809290953545 -4.87041564792176 0
"298" -0.0684596577017116 0.855745721271394 -0.0635696821515892 -0.0513447432762836 -15.3936430317848 19.1418092909535 -74.8704156479218 77.5232273838631 0
"299" 0.855745721271394 0.936430317848411 -0.0513447432762836 -15.3936430317848 0.141809290953545 -57.8704156479218 -0.476772616136919 69.9315403422983 0
"300" 0.936430317848411 0.948655256723716 -15.3936430317848 -0.858190709046455 -75.8704156479218 10.5232273838631 -0.0684596577017116 70.8557457212714 0
"301" 0.948655256723716 -14.3936430317848 -0.858190709046455 -75.8704156479218 -1.47677261613692 16.9315403422983 0.855745721271394 70.9364303178484 0
"302" -14.3936430317848 1.14180929095355 -75.8704156479218 -1.47677261613692 -1.06845965770171 13.8557457212714 0.936430317848411 73.9486552567237 0
"303" 0.141809290953545 -73.8704156479218 -1.47677261613692 -1.06845965770171 -0.144254278728606 13.9364303178484 0.948655256723716 57.6063569682152 0
"304" -74.8704156479218 -0.476772616136919 -1.06845965770171 -0.144254278728606 -0.0635696821515892 15.9486552567237 -14.3936430317848 70.1418092909535 0
"305" -0.476772616136919 -0.0684596577017116 -0.144254278728606 -0.0635696821515892 -0.0513447432762836 2.60635696821516 -0.858190709046455 -2.87041564792176 0
"306" -0.0684596577017116 0.855745721271394 -0.0635696821515892 -0.0513447432762836 -15.3936430317848 16.1418092909535 -74.8704156479218 73.5232273838631 0
"307" 0.855745721271394 1.93643031784841 -0.0513447432762836 -15.3936430317848 -0.858190709046455 -59.8704156479218 -0.476772616136919 68.9315403422983 0
"308" 0.936430317848411 1.94865525672372 -15.3936430317848 -0.858190709046455 -75.8704156479218 17.5232273838631 -1.06845965770171 73.8557457212714 0
"309" 0.948655256723716 -14.3936430317848 -0.858190709046455 -75.8704156479218 -1.47677261613692 18.9315403422983 0.855745721271394 71.9364303178484 0
"310" -14.3936430317848 1.14180929095355 -75.8704156479218 -1.47677261613692 -1.06845965770171 15.8557457212714 0.936430317848411 73.9486552567237 0
"311" 0.141809290953545 -74.8704156479218 -1.47677261613692 -1.06845965770171 -0.144254278728606 15.9364303178484 0.948655256723716 58.6063569682152 0
"312" -74.8704156479218 -0.476772616136919 -1.06845965770171 -0.144254278728606 -0.0635696821515892 8.94865525672372 -14.3936430317848 64.1418092909535 0
"313" -0.476772616136919 -0.0684596577017116 -0.144254278728606 0.936430317848411 -0.0513447432762836 1.60635696821516 -0.858190709046455 -12.8704156479218 0
"314" -0.0684596577017116 0.855745721271394 0.936430317848411 -0.0513447432762836 -15.3936430317848 13.1418092909535 -74.8704156479218 69.5232273838631 0
"315" 0.855745721271394 0.936430317848411 -0.0513447432762836 -15.3936430317848 -0.858190709046455 -59.8704156479218 -0.476772616136919 74.9315403422983 0
"316" 0.936430317848411 0.948655256723716 -15.3936430317848 0.141809290953545 -75.8704156479218 16.5232273838631 -0.0684596577017116 74.8557457212714 0
"317" 0.948655256723716 -14.3936430317848 0.141809290953545 -75.8704156479218 -1.47677261613692 18.9315403422983 -0.144254278728606 87.9364303178484 0
"318" -14.3936430317848 0.141809290953545 -75.8704156479218 -1.47677261613692 -1.06845965770171 15.8557457212714 0.936430317848411 73.9486552567237 0
"319" 0.141809290953545 -74.8704156479218 -0.476772616136919 -1.06845965770171 -0.144254278728606 18.9364303178484 -0.0513447432762836 64.6063569682152 0
"320" -74.8704156479218 -0.476772616136919 -1.06845965770171 -0.144254278728606 0.936430317848411 15.9486552567237 -14.3936430317848 82.1418092909535 0
"321" -0.476772616136919 -0.0684596577017116 -0.144254278728606 -0.0635696821515892 -0.0513447432762836 0.606356968215159 0.141809290953545 1.12958435207824 0
"322" -0.0684596577017116 0.855745721271394 -0.0635696821515892 -0.0513447432762836 -15.3936430317848 19.1418092909535 -74.8704156479218 74.5232273838631 0
"323" 0.855745721271394 0.936430317848411 -0.0513447432762836 -15.3936430317848 -0.858190709046455 -57.8704156479218 -0.476772616136919 74.9315403422983 0
"324" 0.936430317848411 0.948655256723716 -15.3936430317848 -0.858190709046455 -75.8704156479218 18.5232273838631 -0.0684596577017116 85.8557457212714 0
"325" 0.948655256723716 -13.3936430317848 -0.858190709046455 -75.8704156479218 -1.47677261613692 16.9315403422983 0.855745721271394 75.9364303178484 0
"326" -14.3936430317848 0.141809290953545 -75.8704156479218 -1.47677261613692 -1.06845965770171 15.8557457212714 0.936430317848411 72.9486552567237 0
"327" 0.141809290953545 -74.8704156479218 -1.47677261613692 -1.06845965770171 -0.144254278728606 13.9364303178484 0.948655256723716 61.6063569682152 0
"328" -74.8704156479218 -0.476772616136919 -1.06845965770171 -0.144254278728606 -0.0635696821515892 17.9486552567237 -15.3936430317848 74.1418092909535 0
"329" -0.476772616136919 0.931540342298288 -0.144254278728606 -0.0635696821515892 -0.0513447432762836 3.60635696821516 0.141809290953545 4.12958435207824 0
"330" -0.0684596577017116 0.855745721271394 -0.0635696821515892 -0.0513447432762836 -15.3936430317848 15.1418092909535 -74.8704156479218 72.5232273838631 0
"331" 0.855745721271394 1.93643031784841 -0.0513447432762836 -15.3936430317848 -0.858190709046455 -59.8704156479218 -1.47677261613692 69.9315403422983 0
"332" 0.936430317848411 0.948655256723716 -15.3936430317848 -0.858190709046455 -75.8704156479218 16.5232273838631 -0.0684596577017116 70.8557457212714 0
"333" 0.948655256723716 -14.3936430317848 -0.858190709046455 -75.8704156479218 -1.47677261613692 14.9315403422983 0.855745721271394 71.9364303178484 0
"334" -14.3936430317848 0.141809290953545 -74.8704156479218 -1.47677261613692 -1.06845965770171 13.8557457212714 0.936430317848411 80.9486552567237 0
"335" 0.141809290953545 -74.8704156479218 -1.47677261613692 -1.06845965770171 -0.144254278728606 19.9364303178484 0.948655256723716 63.6063569682152 0
"336" -74.8704156479218 -0.476772616136919 -1.06845965770171 -0.144254278728606 -0.0635696821515892 19.9486552567237 -14.3936430317848 80.1418092909535 0
"337" -0.476772616136919 -0.0684596577017116 -0.144254278728606 -0.0635696821515892 -0.0513447432762836 4.60635696821516 -0.858190709046455 -3.87041564792176 0
"338" -0.0684596577017116 0.855745721271394 -0.0635696821515892 -0.0513447432762836 -15.3936430317848 15.1418092909535 -74.8704156479218 75.5232273838631 0
"339" 0.855745721271394 0.936430317848411 -0.0513447432762836 -15.3936430317848 -0.858190709046455 -59.8704156479218 -0.476772616136919 68.9315403422983 0
"340" 0.936430317848411 0.948655256723716 -15.3936430317848 -0.858190709046455 -75.8704156479218 14.5232273838631 -0.0684596577017116 79.8557457212714 0
"341" 0.948655256723716 -14.3936430317848 -0.858190709046455 -75.8704156479218 -1.47677261613692 14.9315403422983 -0.144254278728606 74.9364303178484 0
"342" -14.3936430317848 0.141809290953545 -75.8704156479218 -1.47677261613692 -1.06845965770171 11.8557457212714 0.936430317848411 71.9486552567237 0
"343" 0.141809290953545 -74.8704156479218 -1.47677261613692 -1.06845965770171 -0.144254278728606 17.9364303178484 -0.0513447432762836 55.6063569682152 0
"344" -74.8704156479218 -0.476772616136919 -1.06845965770171 -0.144254278728606 -0.0635696821515892 14.9486552567237 -14.3936430317848 87.1418092909535 0
"345" -0.476772616136919 -0.0684596577017116 -0.144254278728606 -0.0635696821515892 -0.0513447432762836 2.60635696821516 0.141809290953545 -2.87041564792176 0
"346" -0.0684596577017116 0.855745721271394 -0.0635696821515892 -0.0513447432762836 -15.3936430317848 13.1418092909535 -74.8704156479218 81.5232273838631 0
"347" 0.855745721271394 1.93643031784841 -0.0513447432762836 -15.3936430317848 -0.858190709046455 -55.8704156479218 -1.47677261613692 80.9315403422983 0
"348" 0.936430317848411 1.94865525672372 -15.3936430317848 -0.858190709046455 -75.8704156479218 12.5232273838631 -0.0684596577017116 78.8557457212714 0
"349" 0.948655256723716 -14.3936430317848 -0.858190709046455 -75.8704156479218 -1.47677261613692 15.9315403422983 0.855745721271394 74.9364303178484 0
"350" -14.3936430317848 0.141809290953545 -75.8704156479218 -1.47677261613692 -1.06845965770171 15.8557457212714 0.936430317848411 77.9486552567237 0
"351" 0.141809290953545 -74.8704156479218 -0.476772616136919 -1.06845965770171 -0.144254278728606 13.9364303178484 0.948655256723716 62.6063569682152 0
"352" -74.8704156479218 -0.476772616136919 -1.06845965770171 -0.144254278728606 -0.0635696821515892 15.9486552567237 -14.3936430317848 72.1418092909535 0
"353" -0.476772616136919 -0.0684596577017116 -0.144254278728606 -0.0635696821515892 -0.0513447432762836 0.606356968215159 0.141809290953545 9.12958435207824 0
"354" -0.0684596577017116 0.855745721271394 -0.0635696821515892 0.948655256723716 -15.3936430317848 15.1418092909535 -74.8704156479218 68.5232273838631 0
"355" 0.855745721271394 0.936430317848411 -0.0513447432762836 -15.3936430317848 -0.858190709046455 -55.8704156479218 -0.476772616136919 72.9315403422983 0
"356" 0.936430317848411 0.948655256723716 -15.3936430317848 -0.858190709046455 -75.8704156479218 12.5232273838631 -0.0684596577017116 85.8557457212714 0
"357" 0.948655256723716 -14.3936430317848 -0.858190709046455 -75.8704156479218 -1.47677261613692 16.9315403422983 0.855745721271394 84.9364303178484 0
"358" -14.3936430317848 0.141809290953545 -74.8704156479218 -1.47677261613692 -1.06845965770171 12.8557457212714 0.936430317848411 78.9486552567237 0
"359" 0.141809290953545 -74.8704156479218 -1.47677261613692 -1.06845965770171 -0.144254278728606 13.9364303178484 0.948655256723716 61.6063569682152 0
"360" -74.8704156479218 -0.476772616136919 -1.06845965770171 -0.144254278728606 -0.0635696821515892 16.9486552567237 -14.3936430317848 70.1418092909535 0
"361" -0.476772616136919 -0.0684596577017116 -0.144254278728606 -0.0635696821515892 -0.0513447432762836 2.60635696821516 -0.858190709046455 -2.87041564792176 0
"362" -0.0684596577017116 0.855745721271394 -0.0635696821515892 -0.0513447432762836 -15.3936430317848 15.1418092909535 -74.8704156479218 77.5232273838631 0
"363" 0.855745721271394 0.936430317848411 -0.0513447432762836 -15.3936430317848 -0.858190709046455 -59.8704156479218 -0.476772616136919 70.9315403422983 0
"364" 0.936430317848411 0.948655256723716 -15.3936430317848 -0.858190709046455 -75.8704156479218 18.5232273838631 -1.06845965770171 65.8557457212714 0
"365" 0.948655256723716 -14.3936430317848 -0.858190709046455 -75.8704156479218 -1.47677261613692 18.9315403422983 0.855745721271394 82.9364303178484 0
"366" -14.3936430317848 0.141809290953545 -75.8704156479218 -1.47677261613692 -0.0684596577017116 16.8557457212714 0.936430317848411 70.9486552567237 0
"367" 0.141809290953545 -74.8704156479218 -1.47677261613692 -1.06845965770171 -0.144254278728606 17.9364303178484 0.948655256723716 61.6063569682152 0
"368" -74.8704156479218 -0.476772616136919 -1.06845965770171 -0.144254278728606 -0.0635696821515892 15.9486552567237 -14.3936430317848 76.1418092909535 0
"369" -0.476772616136919 -0.0684596577017116 -0.144254278728606 -0.0635696821515892 -0.0513447432762836 2.60635696821516 0.141809290953545 -1.87041564792176 0
"370" -0.0684596577017116 0.855745721271394 -0.0635696821515892 -0.0513447432762836 -15.3936430317848 19.1418092909535 -74.8704156479218 68.5232273838631 0
"371" 0.855745721271394 0.936430317848411 -0.0513447432762836 -15.3936430317848 -0.858190709046455 -57.8704156479218 -0.476772616136919 61.9315403422983 0
"372" 0.936430317848411 0.948655256723716 -15.3936430317848 -0.858190709046455 -75.8704156479218 16.5232273838631 -0.0684596577017116 80.8557457212714 0
"373" 0.948655256723716 -14.3936430317848 -0.858190709046455 -75.8704156479218 -1.47677261613692 16.9315403422983 0.855745721271394 76.9364303178484 0
"374" -14.3936430317848 0.141809290953545 -75.8704156479218 -1.47677261613692 -1.06845965770171 19.8557457212714 0.936430317848411 84.9486552567237 0
"375" 0.141809290953545 -74.8704156479218 -1.47677261613692 -1.06845965770171 0.855745721271394 15.9364303178484 0.948655256723716 57.6063569682152 0
"376" -74.8704156479218 -0.476772616136919 -1.06845965770171 0.855745721271394 -0.0635696821515892 19.9486552567237 -14.3936430317848 77.1418092909535 0
"377" -0.476772616136919 -0.0684596577017116 -0.144254278728606 -0.0635696821515892 0.948655256723716 4.60635696821516 0.141809290953545 3.12958435207824 0
"378" -0.0684596577017116 0.855745721271394 -0.0635696821515892 -0.0513447432762836 -15.3936430317848 17.1418092909535 -74.8704156479218 72.5232273838631 0
"379" 0.855745721271394 0.936430317848411 -0.0513447432762836 -15.3936430317848 -0.858190709046455 -57.8704156479218 -0.476772616136919 71.9315403422983 0
"380" 0.936430317848411 0.948655256723716 -15.3936430317848 0.141809290953545 -75.8704156479218 14.5232273838631 -1.06845965770171 70.8557457212714 0
"381" 0.948655256723716 -14.3936430317848 -0.858190709046455 -75.8704156479218 -1.47677261613692 18.9315403422983 0.855745721271394 75.9364303178484 0
"382" -14.3936430317848 0.141809290953545 -75.8704156479218 -1.47677261613692 -1.06845965770171 13.8557457212714 0.936430317848411 76.9486552567237 0
"383" 0.141809290953545 -74.8704156479218 -1.47677261613692 -1.06845965770171 -0.144254278728606 6.93643031784841 0.948655256723716 60.6063569682152 0
"384" -74.8704156479218 -0.476772616136919 -1.06845965770171 -0.144254278728606 -0.0635696821515892 7.94865525672372 -14.3936430317848 77.1418092909535 0
"385" -0.476772616136919 -0.0684596577017116 -0.144254278728606 -0.0635696821515892 -0.0513447432762836 4.60635696821516 0.141809290953545 -4.87041564792176 0
"386" -0.0684596577017116 0.855745721271394 -0.0635696821515892 -0.0513447432762836 -15.3936430317848 19.1418092909535 -74.8704156479218 78.5232273838631 0
"387" 0.855745721271394 0.936430317848411 -0.0513447432762836 -15.3936430317848 0.141809290953545 -61.8704156479218 -0.476772616136919 76.9315403422983 0
"388" 0.936430317848411 0.948655256723716 -15.3936430317848 -0.858190709046455 -75.8704156479218 15.5232273838631 -0.0684596577017116 69.8557457212714 0
"389" 0.948655256723716 -14.3936430317848 -0.858190709046455 -75.8704156479218 -1.47677261613692 17.9315403422983 0.855745721271394 71.9364303178484 0
"390" -14.3936430317848 0.141809290953545 -75.8704156479218 -1.47677261613692 -1.06845965770171 14.8557457212714 -0.0635696821515892 78.9486552567237 0
"391" 0.141809290953545 -74.8704156479218 -1.47677261613692 -1.06845965770171 -0.144254278728606 12.9364303178484 0.948655256723716 56.6063569682152 0
"392" -74.8704156479218 -0.476772616136919 -1.06845965770171 -0.144254278728606 -0.0635696821515892 19.9486552567237 -14.3936430317848 77.1418092909535 0
"393" -0.476772616136919 -0.0684596577017116 -0.144254278728606 -0.0635696821515892 -0.0513447432762836 2.60635696821516 -0.858190709046455 -5.87041564792176 0
"394" -0.0684596577017116 0.855745721271394 -0.0635696821515892 -0.0513447432762836 -15.3936430317848 15.1418092909535 -74.8704156479218 83.5232273838631 0
"395" 0.855745721271394 0.936430317848411 -0.0513447432762836 -15.3936430317848 -0.858190709046455 -55.8704156479218 -1.47677261613692 72.9315403422983 0
"396" 0.936430317848411 0.948655256723716 -15.3936430317848 -0.858190709046455 -75.8704156479218 10.5232273838631 -0.0684596577017116 84.8557457212714 0
"397" 0.948655256723716 -14.3936430317848 0.141809290953545 -75.8704156479218 -1.47677261613692 18.9315403422983 0.855745721271394 77.9364303178484 0
"398" -14.3936430317848 0.141809290953545 -75.8704156479218 -1.47677261613692 -1.06845965770171 11.8557457212714 0.936430317848411 78.9486552567237 0
"399" 0.141809290953545 -74.8704156479218 -1.47677261613692 -1.06845965770171 0.855745721271394 15.9364303178484 0.948655256723716 57.6063569682152 0
"400" -74.8704156479218 -0.476772616136919 -1.06845965770171 -0.144254278728606 -0.0635696821515892 19.9486552567237 -14.3936430317848 71.1418092909535 0
"401" -0.476772616136919 -0.0684596577017116 -0.144254278728606 -0.0635696821515892 -0.0513447432762836 0.606356968215159 0.141809290953545 2.12958435207824 0
"402" -0.0684596577017116 0.855745721271394 -0.0635696821515892 -0.0513447432762836 -15.3936430317848 11.1418092909535 -74.8704156479218 74.5232273838631 0
"403" 0.855745721271394 0.936430317848411 -0.0513447432762836 -15.3936430317848 -0.858190709046455 -58.8704156479218 -0.476772616136919 79.9315403422983 0
"404" 0.936430317848411 0.948655256723716 -14.3936430317848 -0.858190709046455 -75.8704156479218 14.5232273838631 -0.0684596577017116 82.8557457212714 0
"405" 0.948655256723716 -14.3936430317848 -0.858190709046455 -75.8704156479218 -1.47677261613692 18.9315403422983 0.855745721271394 76.9364303178484 0
"406" -14.3936430317848 0.141809290953545 -75.8704156479218 -1.47677261613692 -1.06845965770171 17.8557457212714 0.936430317848411 84.9486552567237 0
"407" 0.141809290953545 -74.8704156479218 -1.47677261613692 -1.06845965770171 -0.144254278728606 19.9364303178484 0.948655256723716 61.6063569682152 0
"408" -74.8704156479218 -0.476772616136919 -1.06845965770171 -0.144254278728606 -0.0635696821515892 17.9486552567237 -15.3936430317848 77.1418092909535 0
"409" -0.476772616136919 -0.0684596577017116 -0.144254278728606 -0.0635696821515892 -0.0513447432762836 -0.393643031784841 0.141809290953545 8.12958435207824 0
